i	j	l	x	y
1	2	1	0.008264462809917356	0.008264462809917356
1	12	1	0.008264462809917356	0.008264462809917356
2	3	1	0.008264462809917356	0.008264462809917356
2	13	1	0.008264462809917356	0.008264462809917356
3	4	1	0.008264462809917356	0.008264462809917356
3	14	1	0.008264462809917356	0.008264462809917356
4	5	1	0.008264462809917356	0.008264462809917356
4	15	1	0.008264462809917356	0.008264462809917356
5	6	1	0.008264462809917356	0.008264462809917356
5	16	1	0.008264462809917356	0.008264462809917356
6	7	1	0.008264462809917356	0.008264462809917356
6	17	1	0.008264462809917356	0.008264462809917356
7	8	1	0.008264462809917356	0.008264462809917356
7	18	1	0.008264462809917356	0.008264462809917356
8	9	1	0.008264462809917356	0.008264462809917356
8	19	1	0.008264462809917356	0.008264462809917356
9	10	1	0.008264462809917356	0.008264462809917356
9	20	1	0.008264462809917356	0.008264462809917356
10	11	1	0.008264462809917356	0.008264462809917356
10	21	1	0.008264462809917356	0.008264462809917356
11	22	1	0.008264462809917356	0.008264462809917356
12	13	1	0.008264462809917356	0.008264462809917356
12	23	1	0.008264462809917356	0.008264462809917356
13	14	1	0.008264462809917356	0.008264462809917356
13	24	1	0.008264462809917356	0.008264462809917356
14	15	1	0.008264462809917356	0.008264462809917356
14	25	1	0.008264462809917356	0.008264462809917356
15	16	1	0.008264462809917356	0.008264462809917356
15	26	1	0.008264462809917356	0.008264462809917356
16	17	1	0.008264462809917356	0.008264462809917356
16	27	1	0.008264462809917356	0.008264462809917356
17	18	1	0.008264462809917356	0.008264462809917356
17	28	1	0.008264462809917356	0.008264462809917356
18	19	1	0.008264462809917356	0.008264462809917356
18	29	1	0.008264462809917356	0.008264462809917356
19	20	1	0.008264462809917356	0.008264462809917356
19	30	1	0.008264462809917356	0.008264462809917356
20	21	1	0.008264462809917356	0.008264462809917356
20	31	1	0.008264462809917356	0.008264462809917356
21	22	1	0.008264462809917356	0.008264462809917356
21	32	1	0.008264462809917356	0.008264462809917356
22	33	1	0.008264462809917356	0.008264462809917356
23	24	1	0.008264462809917356	0.008264462809917356
23	34	1	0.008264462809917356	0.008264462809917356
24	25	1	0.008264462809917356	0.008264462809917356
24	35	1	0.008264462809917356	0.008264462809917356
25	26	1	0.008264462809917356	0.008264462809917356
25	36	1	0.008264462809917356	0.008264462809917356
26	27	1	0.008264462809917356	0.008264462809917356
26	37	1	0.008264462809917356	0.008264462809917356
27	28	1	0.008264462809917356	0.008264462809917356
27	38	1	0.008264462809917356	0.008264462809917356
28	29	1	0.008264462809917356	0.008264462809917356
28	39	1	0.008264462809917356	0.008264462809917356
29	30	1	0.008264462809917356	0.008264462809917356
29	40	1	0.008264462809917356	0.008264462809917356
30	31	1	0.008264462809917356	0.008264462809917356
30	41	1	0.008264462809917356	0.008264462809917356
31	32	1	0.008264462809917356	0.008264462809917356
31	42	1	0.008264462809917356	0.008264462809917356
32	33	1	0.008264462809917356	0.008264462809917356
32	43	1	0.008264462809917356	0.008264462809917356
33	44	1	0.008264462809917356	0.008264462809917356
34	35	1	0.008264462809917356	0.008264462809917356
34	45	1	0.008264462809917356	0.008264462809917356
35	36	1	0.008264462809917356	0.008264462809917356
35	46	1	0.008264462809917356	0.008264462809917356
36	37	1	0.008264462809917356	0.008264462809917356
36	47	1	0.008264462809917356	0.008264462809917356
37	38	1	0.008264462809917356	0.008264462809917356
37	48	1	0.008264462809917356	0.008264462809917356
38	39	1	0.008264462809917356	0.008264462809917356
38	49	1	0.008264462809917356	0.008264462809917356
39	40	1	0.008264462809917356	0.008264462809917356
39	50	1	0.008264462809917356	0.008264462809917356
40	41	1	0.008264462809917356	0.008264462809917356
40	51	1	0.008264462809917356	0.008264462809917356
41	42	1	0.008264462809917356	0.008264462809917356
41	52	1	0.008264462809917356	0.008264462809917356
42	43	1	0.008264462809917356	0.008264462809917356
42	53	1	0.008264462809917356	0.008264462809917356
43	44	1	0.008264462809917356	0.008264462809917356
43	54	1	0.008264462809917356	0.008264462809917356
44	55	1	0.008264462809917356	0.008264462809917356
45	46	1	0.008264462809917356	0.008264462809917356
45	56	1	0.008264462809917356	0.008264462809917356
46	47	1	0.008264462809917356	0.008264462809917356
46	57	1	0.008264462809917356	0.008264462809917356
47	48	1	0.008264462809917356	0.008264462809917356
47	58	1	0.008264462809917356	0.008264462809917356
48	49	1	0.008264462809917356	0.008264462809917356
48	59	1	0.008264462809917356	0.008264462809917356
49	50	1	0.008264462809917356	0.008264462809917356
49	60	1	0.008264462809917356	0.008264462809917356
50	51	1	0.008264462809917356	0.008264462809917356
50	61	1	0.008264462809917356	0.008264462809917356
51	52	1	0.008264462809917356	0.008264462809917356
51	62	1	0.008264462809917356	0.008264462809917356
52	53	1	0.008264462809917356	0.008264462809917356
52	63	1	0.008264462809917356	0.008264462809917356
53	54	1	0.008264462809917356	0.008264462809917356
53	64	1	0.008264462809917356	0.008264462809917356
54	55	1	0.008264462809917356	0.008264462809917356
54	65	1	0.008264462809917356	0.008264462809917356
55	66	1	0.008264462809917356	0.008264462809917356
56	57	1	0.008264462809917356	0.008264462809917356
56	67	1	0.008264462809917356	0.008264462809917356
57	58	1	0.008264462809917356	0.008264462809917356
57	68	1	0.008264462809917356	0.008264462809917356
58	59	1	0.008264462809917356	0.008264462809917356
58	69	1	0.008264462809917356	0.008264462809917356
59	60	1	0.008264462809917356	0.008264462809917356
59	70	1	0.008264462809917356	0.008264462809917356
60	61	1	0.008264462809917356	0.008264462809917356
60	71	1	0.008264462809917356	0.008264462809917356
61	62	1	0.008264462809917356	0.008264462809917356
61	72	1	0.008264462809917356	0.008264462809917356
62	63	1	0.008264462809917356	0.008264462809917356
62	73	1	0.008264462809917356	0.008264462809917356
63	64	1	0.008264462809917356	0.008264462809917356
63	74	1	0.008264462809917356	0.008264462809917356
64	65	1	0.008264462809917356	0.008264462809917356
64	75	1	0.008264462809917356	0.008264462809917356
65	66	1	0.008264462809917356	0.008264462809917356
65	76	1	0.008264462809917356	0.008264462809917356
66	77	1	0.008264462809917356	0.008264462809917356
67	68	1	0.008264462809917356	0.008264462809917356
67	78	1	0.008264462809917356	0.008264462809917356
68	69	1	0.008264462809917356	0.008264462809917356
68	79	1	0.008264462809917356	0.008264462809917356
69	70	1	0.008264462809917356	0.008264462809917356
69	80	1	0.008264462809917356	0.008264462809917356
70	71	1	0.008264462809917356	0.008264462809917356
70	81	1	0.008264462809917356	0.008264462809917356
71	72	1	0.008264462809917356	0.008264462809917356
71	82	1	0.008264462809917356	0.008264462809917356
72	73	1	0.008264462809917356	0.008264462809917356
72	83	1	0.008264462809917356	0.008264462809917356
73	74	1	0.008264462809917356	0.008264462809917356
73	84	1	0.008264462809917356	0.008264462809917356
74	75	1	0.008264462809917356	0.008264462809917356
74	85	1	0.008264462809917356	0.008264462809917356
75	76	1	0.008264462809917356	0.008264462809917356
75	86	1	0.008264462809917356	0.008264462809917356
76	77	1	0.008264462809917356	0.008264462809917356
76	87	1	0.008264462809917356	0.008264462809917356
77	88	1	0.008264462809917356	0.008264462809917356
78	79	1	0.008264462809917356	0.008264462809917356
78	89	1	0.008264462809917356	0.008264462809917356
79	80	1	0.008264462809917356	0.008264462809917356
79	90	1	0.008264462809917356	0.008264462809917356
80	81	1	0.008264462809917356	0.008264462809917356
80	91	1	0.008264462809917356	0.008264462809917356
81	82	1	0.008264462809917356	0.008264462809917356
81	92	1	0.008264462809917356	0.008264462809917356
82	83	1	0.008264462809917356	0.008264462809917356
82	93	1	0.008264462809917356	0.008264462809917356
83	84	1	0.008264462809917356	0.008264462809917356
83	94	1	0.008264462809917356	0.008264462809917356
84	85	1	0.008264462809917356	0.008264462809917356
84	95	1	0.008264462809917356	0.008264462809917356
85	86	1	0.008264462809917356	0.008264462809917356
85	96	1	0.008264462809917356	0.008264462809917356
86	87	1	0.008264462809917356	0.008264462809917356
86	97	1	0.008264462809917356	0.008264462809917356
87	88	1	0.008264462809917356	0.008264462809917356
87	98	1	0.008264462809917356	0.008264462809917356
88	99	1	0.008264462809917356	0.008264462809917356
89	90	1	0.008264462809917356	0.008264462809917356
89	100	1	0.008264462809917356	0.008264462809917356
90	91	1	0.008264462809917356	0.008264462809917356
90	101	1	0.008264462809917356	0.008264462809917356
91	92	1	0.008264462809917356	0.008264462809917356
91	102	1	0.008264462809917356	0.008264462809917356
92	93	1	0.008264462809917356	0.008264462809917356
92	103	1	0.008264462809917356	0.008264462809917356
93	94	1	0.008264462809917356	0.008264462809917356
93	104	1	0.008264462809917356	0.008264462809917356
94	95	1	0.008264462809917356	0.008264462809917356
94	105	1	0.008264462809917356	0.008264462809917356
95	96	1	0.008264462809917356	0.008264462809917356
95	106	1	0.008264462809917356	0.008264462809917356
96	97	1	0.008264462809917356	0.008264462809917356
96	107	1	0.008264462809917356	0.008264462809917356
97	98	1	0.008264462809917356	0.008264462809917356
97	108	1	0.008264462809917356	0.008264462809917356
98	99	1	0.008264462809917356	0.008264462809917356
98	109	1	0.008264462809917356	0.008264462809917356
99	110	1	0.008264462809917356	0.008264462809917356
100	101	1	0.008264462809917356	0.008264462809917356
100	111	1	0.008264462809917356	0.008264462809917356
101	102	1	0.008264462809917356	0.008264462809917356
101	112	1	0.008264462809917356	0.008264462809917356
102	103	1	0.008264462809917356	0.008264462809917356
102	113	1	0.008264462809917356	0.008264462809917356
103	104	1	0.008264462809917356	0.008264462809917356
103	114	1	0.008264462809917356	0.008264462809917356
104	105	1	0.008264462809917356	0.008264462809917356
104	115	1	0.008264462809917356	0.008264462809917356
105	106	1	0.008264462809917356	0.008264462809917356
105	116	1	0.008264462809917356	0.008264462809917356
106	107	1	0.008264462809917356	0.008264462809917356
106	117	1	0.008264462809917356	0.008264462809917356
107	108	1	0.008264462809917356	0.008264462809917356
107	118	1	0.008264462809917356	0.008264462809917356
108	109	1	0.008264462809917356	0.008264462809917356
108	119	1	0.008264462809917356	0.008264462809917356
109	110	1	0.008264462809917356	0.008264462809917356
109	120	1	0.008264462809917356	0.008264462809917356
110	121	1	0.008264462809917356	0.008264462809917356
111	112	1	0.008264462809917356	0.008264462809917356
112	113	1	0.008264462809917356	0.008264462809917356
113	114	1	0.008264462809917356	0.008264462809917356
114	115	1	0.008264462809917356	0.008264462809917356
115	116	1	0.008264462809917356	0.008264462809917356
116	117	1	0.008264462809917356	0.008264462809917356
117	118	1	0.008264462809917356	0.008264462809917356
118	119	1	0.008264462809917356	0.008264462809917356
119	120	1	0.008264462809917356	0.008264462809917356
120	121	1	0.008264462809917356	0.008264462809917356
